BroadID	ACH-000953	ACH-000059	ACH-000197	ACH-000874	ACH-000061	ACH-000519	ACH-000104	ACH-000960	ACH-000782	ACH-000080	ACH-000795	ACH-000105	ACH-000728	ACH-000981	ACH-000130	ACH-000942	ACH-001130	ACH-000938	ACH-000937	ACH-000032	ACH-000101	ACH-000156	ACH-000492	ACH-001106	ACH-000636	ACH-000372	ACH-000995	ACH-000070	ACH-000020	ACH-000918	ACH-000922	ACH-000964
H3K4me0	-0.089839793	0.122062431	0.080633147	-0.25690461	-0.007953258	-0.104087543	-0.212697537	-0.129929325	-0.12601514	0.041978686	-0.082124679	-0.01379052	-0.335130864	-0.021369376	-0.378960676	-0.508995551	-0.100872306	0.10113711	-0.088611064	-0.465134441	-0.10938802	0.377863696	0.069141493	-0.544669565	-0.163643426	-0.315639442	-0.012333925	0.054659221	-0.927508478	0.018053483	-0.050026313	-0.058256744
H3K4me1	-1.332841108	0.067744194	-0.060148872	-0.52364142	-0.677499637	-0.742484187	0.348972497	-0.397048401	-0.326599866	-0.156586256	0.26817827	-0.303065286	-0.489380873	-1.1147216	-0.848958464	-0.708652062	-0.623696795	-0.600085023	-0.8995822	-1.046527486	-0.375529375	-0.174213964	-0.241034529	-0.93510784	0.175841441	-0.062013573	-0.905188606	-0.066333098	-1.978786555	-0.452086993	-0.057058301	-0.66748979
H3K4me2	-0.425511283	0.212684188	-0.489416543	0.11570067	-0.534257487	-0.395453633	0.304294432	-0.351436874	0.263490525	0.818505615	-0.075660352	0.211491059	-0.55569955	-0.246732161	-0.494732016	-0.140422378	0.74044989	-0.594520038	-0.668339817	-0.805144051	-0.254102621	-0.147836133	-0.964739157	-0.569825499	0.359320105	0.639095771	-0.605845134	-0.054626938	-1.28173155	0.195864521	-0.335242036	-0.287479091
H3K4ac1	0.656432124	0.317818937	1.921577847	-0.712019558	0.556702772	0.043564027	0.851781543	0.648524249	0.079864494	0.051902419	0.276476975	0.47489997	-0.141775227	0.440020141	-0.242520645	0.456024497	-0.246985868	-0.262602286	0.514560747	-0.783740986	0.255339054	0.344585396	-0.296376025	-0.000508094	0.257017684	-0.381634524	0.380169919	-1.506574326	-0.598533568	0.460387952	0.209336784	0.64950819
H3K9me0K14ac0	-0.239654766	-0.11813545	-0.540809006	-0.614087127	-0.105066264	0.543501412	-0.176835657	-0.859700853	-0.171447486	0.512889048	-0.023537499	-0.058503645	-0.387244326	-0.096045959	-0.136200509	0.030868631	0.094925407	0.216924961	-0.016524321	-0.865130251	-1.059392311	0.313158005	-0.168398355	-0.184623496	-0.028786496	-0.545389989	0.072321624	-0.067920712	-0.695370876	-0.216745753	-0.55477658	0.101182729
H3K9me1K14ac0	-0.490586371	-0.060875029	-0.35034889	-0.447775251	-0.054950568	-0.184072706	-0.501295638	-0.116179102	-0.299887327	0.046333819	-0.252410496	0.056580982	-0.202760132	-0.391391275	-0.54812989	-0.114180656	-0.152037642	-0.20919387	-0.499974491	-0.755109436	-0.885771428	0.387529538	-0.076858798	-0.642669826	-0.424231726	-0.593518091	-0.555570226	0.045844226	-0.76572137	0.043513596	-0.377777214	-0.171201143
H3K9me2K14ac0	-0.438727611	0.196945998	-0.207691941	-0.250120201	-0.202257726	-0.639615373	-0.609073673	-0.083670868	-0.004962834	-0.080249088	-0.231093875	-0.238426188	0.146585072	-0.458187366	-0.579255786	-0.389473582	-0.174771618	-0.185371435	-0.769173047	-0.208475267	-0.412575563	0.294956195	0.27294443	-0.006454262	-0.172551143	-0.52605016	-1.324786692	0.188294112	-0.879591812	-0.258560554	-0.538777616	-0.383022678
H3K9me3K14ac0	-0.682900305	-0.01700354	0.015817785	-0.532981638	-0.592456558	-0.954419369	-0.211253415	0.136725302	-0.371691994	-0.4471851	-0.384898058	-0.519459109	-0.30863858	-0.497650743	-0.32778576	-1.300937838	-0.736068325	-0.566181287	-1.389375634	-0.840858163	-0.452572723	-0.251334127	-0.326175999	-0.392950504	-0.779210136	-0.928267762	-1.021743098	0.151668375	-1.048094244	-0.475441348	-0.266053986	-0.834597735
H3K9ac1K14ac0	0.050614017	-0.032746088	-0.720372058	-0.403488074	0.359833882	-0.567982715	0.172756913	-0.602542878	-0.552015688	0.784072111	-0.009339101	0.667628449	-0.806697934	0.567898413	-0.823579942	-0.408339554	0.81743116	-0.108393217	0.734153436	-1.201406747	-0.794065696	-0.005365728	-0.40708267	-0.203126063	-0.520015242	-0.245678511	-1.579313803	-1.087521607	-0.856441324	0.378463117	-0.949832796	0.448975197
H3K9me0K14ac1	0.827303007	0.308023187	0.609976523	0.037057568	0.740911746	0.603166821	0.669086333	-0.390704622	0.227398911	1.055267884	0.158293074	0.525358081	-0.191196571	0.782035949	-0.270326543	0.673794567	0	0.264491081	1.277755339	-0.979801518	-0.790149276	0.189055705	0.432122219	-0.18975424	0.572230166	0.384960078	0.702243147	0.233188836	-0.195126785	0.39801586	-0.26105147	0.728765801
H3K9me1K14ac1	0.772905745	0.334840393	0.725463885	0.427374065	0.6438225	0.571622315	0.27631089	0.344727233	0.298682047	0.3859467	0.089279277	0.165412179	0.012895542	0.601605103	-0.583722604	0.635566014	0.071884681	0.264996722	0.386500484	-1.078760655	-0.002760844	0.368240756	0.324351276	-0.093210536	0.275037786	0.034301996	0.187433988	0.13905628	-0.655802254	0.400730167	0.123051349	0.869392102
H3K9me2K14ac1	0.498920657	0.616114639	0.358861181	0.174588781	0.482958374	-0.311959712	0.263279281	0.630304408	0.741865425	-0.116640224	0.045815216	-0.006667797	0.374742511	0.271770439	-0.257143512	0.54693479	-0.009062126	0.402679269	0.116671542	-0.687654455	0.130526367	0.502132103	0.435436106	0.142302099	0.439970545	0.094448052	-0.414395428	0.447929736	-0.945982847	0.407087456	0.511624728	0.341562052
H3K9me3K14ac1	0.103122847	0.505488687	1.300778149	0.289637192	0.190540236	-0.839718481	0.579629542	0.985861661	0.276105027	-0.267202745	0.317867425	0.07564109	0.434973739	0.149149237	-0.44543124	0.5387896	-0.427220129	-0.198788976	-0.508358425	-0.453414335	0.751946361	0.279563921	0.28863834	-0.435626083	-0.03838161	-0.079702757	-0.822524697	0.516862934	-0.648388059	0.030177197	0.832571133	-0.294161418
H3K9ac1K14ac1	0.863129556	-0.049431189	0.433256871	-0.499967919	0.655203135	-0.527784117	0.821675827	-0.530216308	-0.397444074	1.065104595	-0.047183107	0.585455067	-0.526964619	0.926737848	-0.834108067	0.253076107	0.43657693	0.30313055	1.260018235	-1.252566707	-0.188148438	-0.269906914	-0.267164821	-0.226491267	-0.249890897	0.102558264	-1.417411654	-0.674725099	-0.750052437	0.609335885	-0.67672226	0.949838143
H3K18ac0K23ac0	-0.270583075	0.101782663	0.045424733	-0.182511961	-0.142423166	0.100043581	-0.243992991	-0.196941023	-0.044812681	-0.071213655	-0.244180983	-0.531966329	-0.039910509	0.064531128	-0.443273141	-0.182262915	-0.051928291	-0.188799121	-0.451007114	-0.757927806	-0.822904672	0.098561042	0.118690067	-0.24986533	-0.130356019	-0.640404082	-0.535417526	-0.027612767	-0.90603311	-0.279410888	-0.168021368	-0.221663551
H3K18ac1K23ac0	0.24451823	-0.239070541	0.468303751	0.12754497	-0.625357874	0.277935286	-0.014656233	0.327876209	1.053688141	0.070011014	0.569879303	-0.080336148	-0.329446416	0.06166225	-0.244359314	0.06942314	-0.433460046	-0.286497846	0.356922307	-0.952352895	-0.102607633	0.23966709	-0.293053899	-0.5049372	0.117296476	-0.135215604	-0.535689192	0.227088091	-0.841052137	-0.198898935	0.300818115	-0.74508914
H3K18ac0K23ac1	0.124095692	0.36214894	0.275067656	-0.286574896	0.564253204	-0.243105804	0.849470331	0.181596252	-0.551264475	0.711431321	-0.056699633	0.603225257	0.196822758	-0.403505817	-0.431592314	-0.382205975	-0.308979067	0.417660208	0.508422776	-0.51110277	0.009987032	0.322875675	0.584602518	-0.573579152	0.168756303	-0.068954244	0.000930388	0.260120875	-0.508251818	0.406389791	0.102679325	0.394565992
H3K18ac1K23ac1	0.416756426	-0.115498578	0.820460385	-0.12934571	-0.179119263	0.238754452	0.71130838	0.203991613	0.432509468	0.380089458	0.679898541	0.536660122	-0.103521754	-0.78726959	-0.351828206	-0.74391954	-0.59870462	-0.121771393	0.648635224	-0.93226816	0.488944144	0.113190311	-0.10925889	-0.77113121	0.010538517	0.361607925	-0.20109586	0.210052085	-0.644767654	0.195354168	0.261847742	-0.200614074
H3K18ac0K23ub1	-0.544603952	0.243982554	1.904219112	1.213290022	0	0	0.560393575	0.669295038	-0.416888574	0.90548053	2.294283775	0.51470099	-0.76126226	0.877459161	-0.86263107	0.526851716	0	0.053656172	0	0.183816943	-2.296466641	0	0.215666109	2.588746862	1.285167134	0	0.280006596	-0.032151994	0.218618097	0.855556943	0.165527988	0
H3K27me0K36me0	-0.277297433	-0.62839923	1.295333715	-0.104330833	-0.925806717	0.535366202	2.330286262	-1.617867735	-0.274104961	0.913402461	-0.775208399	-0.190041872	1.576361286	-0.273042231	-0.163863842	-0.396035791	0.540370448	0.444448396	0.462878288	-0.948688317	1.738127721	-0.344202073	-0.287391582	0.024251913	0.1651919	-0.63842048	-0.923050665	1.968745784	-0.602864616	0.47808909	-0.859601756	-0.590026335
H3K27me0K36me1	-0.236274144	-0.829214972	1.439599746	0.556486484	-0.99433128	-0.130351499	1.689408075	-1.166161329	0.55801364	0.611497518	-0.1900061	-0.173348031	1.946498738	-0.024501575	-0.243449852	1.900700765	0.134414007	0.116193245	0.207644815	-0.805221329	2.529663514	-0.561460101	-0.493955964	-0.446821622	1.169025103	-0.376176816	-0.294158338	2.339264999	-1.472417841	-0.272643965	0.92564709	-0.549317316
H3K27me0K36me2	0.682984754	-1.117772135	2.633853323	1.26176126	-0.862110032	-0.350675015	1.900105769	-0.701486439	1.240132688	0.824652354	1.35584517	1.131215099	2.469057582	0.338432662	1.503534423	3.023790563	0.422496246	1.028040685	-0.067270957	0.139195232	2.243422627	-0.453917477	1.936013859	0.476272287	2.27537661	0.06434244	0.113824769	2.20935259	-0.727074332	1.277086533	2.558952766	-0.869474608
H3K27me0K36me3	-0.667685534	-0.014754739	0.637402903	0.092822861	-0.847691134	-0.119613859	1.167439287	-1.120839843	0.021927286	0.894869486	-0.839676954	0.043108461	1.155074236	0.211682654	0.084408427	0.615783902	0.360486817	0.001001803	-0.321371816	-0.491057569	1.179803226	-0.028340308	-0.422154874	-0.663454177	0.101562251	0.745479004	-0.448643623	1.242667498	-0.607265975	-0.10301037	0.111033691	-0.863743778
H3K27me1K36me0	-0.566884739	-0.425856213	0.628677251	-0.547926909	-0.861279396	0.768988911	1.248742122	-1.670967564	-0.699299628	0.233661256	-1.241992652	-0.375798104	0.492189726	0.309135167	-0.300013026	-1.97824719	0.494246212	-0.201211186	0.105019557	-0.928175254	-0.52622311	-0.196070375	-0.454763159	-0.014142793	-1.096117608	-0.414053246	-0.784974954	1.036617926	-0.760972745	0.384180429	-1.596442332	-0.617594466
H3K27me1K36me1	-0.03318812	-0.673164421	0.954318228	0.663190561	-0.37105931	-0.59839332	0.590068285	-0.745207762	0.473581462	-0.423550627	-0.229100552	-0.34853393	0.31622623	-0.39409045	-0.235166042	0.227173936	-0.370122926	-0.110748965	0.183758561	-0.779969122	0.190142467	-0.294837471	-0.461091563	-0.799792108	0.448288054	-0.942472757	-0.433624514	0.639920261	-1.408596868	-0.360958857	0.324776386	-0.44694873
H3K27me1K36me2	-0.816916826	-1.155982265	0.49368731	0.556864923	-0.221152156	-1.295394695	-1.044585171	-1.127908384	0.510566948	-1.149341754	0.902461274	-0.927992436	-1.083516245	-1.362460159	-1.112251727	1.674489054	-0.362575712	-0.876167848	-0.096038928	-1.478631649	-0.583830372	-0.099319709	0.237564528	-0.995052096	1.224591993	-1.397958772	-1.261834317	0.193505954	-1.912966485	-1.150047449	2.145392061	-0.393163386
H3K27me1K36me3	-0.455700727	0.196306173	-0.558907254	-0.257541563	-0.270177051	-0.796367475	-0.593616064	-0.143221007	0.073130273	-0.189824767	-0.104862746	-0.259530576	-0.441814756	-0.128893419	-0.270481025	-0.282885103	-0.434190495	0.019662892	-0.396506705	-0.496710356	-1.60698675	0.122787582	0.000580758	-0.657208754	-0.452679383	-0.295024702	-0.390419513	-0.612546638	-0.542890629	-0.198657531	-0.372967544	-0.096384733
H3K27me2K36me0	-0.453031477	0.467157707	0.029505916	-1.126254135	0.408908617	0.672215582	-1.129272108	-0.962071566	-1.393801244	0.45013834	-2.592798122	0.139134028	-1.114201343	0.474673106	-0.260358369	-2.834523789	0.49343608	0.259505243	0.082404152	-0.365867344	-3.0858975	0.497121406	0.525101946	0.317516714	-2.135812413	0.111702644	-0.38550373	-0.326415791	-0.384214083	0.802153689	-2.659577879	0.166397759
H3K27me2K36me1	0.144159868	0.144992399	0.104671314	0.270717237	0.253465181	-0.906118098	-1.209827047	0.00289903	0.301401833	0.10695247	-1.091119232	-0.481105217	-1.309054489	0.024746252	-0.044101874	-1.812757232	-0.550092867	0.072087887	0.04192049	-0.681538403	-2.688887071	0.184457635	-0.227797272	-0.543051094	-0.888906879	-0.626380711	-0.244707678	-1.142918297	-0.622211364	-0.018782339	-1.390935097	0.039589249
H3K27me2K36me2	0.417111046	0.764028713	-0.186826718	0.929682259	-0.130475823	-1.567052243	-1.391796597	1.237388816	1.062427415	-0.396382103	1.431249644	-0.687009582	-2.11229918	-0.296823048	0.000904383	0.193722378	-1.16651852	-0.26370601	-0.488236271	-0.968940698	-2.937711713	0.024217962	-0.166063455	-0.711258193	0.82560144	-0.556981492	-0.219418616	-2.051978187	-0.923683362	-0.011056972	0.665953693	-0.124048515
H3K27me3K36me0	0.155550558	0.78759453	-1.375111416	-1.487324511	0.582977891	1.05414356	-2.587304694	0.53231521	-1.24874663	0.189102154	-2.505028635	1.052229126	-2.113408183	0.50436453	-0.578834878	-3.191383132	0.182785939	0.199928178	-0.153737669	0.096835482	-3.958995423	1.277591218	1.044268765	0.225362728	-1.901593243	0.498876061	-0.051749672	-2.11395589	-0.268017906	0.042876869	-3.327902555	0.796380459
H3K27me3K36me1	0.253197216	1.076715668	-1.381504711	-0.279595568	0.707102098	-0.498955388	-2.926325571	0.966723168	-0.646022188	-0.039985639	-2.265321972	0.252472159	-2.7968397	0.2400276	-0.091389003	-2.950472054	-0.352086331	-0.287756026	-0.329718297	-0.305516549	-4.780194218	0.609830855	0.533260029	-0.590007568	-1.565461656	0.362497772	-0.005846883	-3.165797244	-0.610717746	-0.072529184	-2.690425984	0.801890434
H3K27ac1K36me0	0.312175706	-0.836952176	2.259247843	-0.096233568	-1.471920793	1.008331901	2.162704208	-0.831280178	0.929980002	0.63000209	-0.675259349	0.411884946	0.851896631	-0.232913788	-0.123294667	-0.401824613	-0.491832173	0.572157586	1.094149552	-0.921176446	0.403615056	0.188735763	-0.11260336	0.563937439	0.269940297	-0.1783725	-0.679013145	2.064893979	-0.34091358	0.551656413	-0.326602868	-0.575081923
H3K27ac1K36me1	0.636706103	-1.495433603	1.983419646	0.626077864	-0.642170735	0.22198382	1.990426717	-0.555214921	1.270114826	0.337483322	0.23551914	0.762543067	1.492415958	-0.335377128	-0.038710971	1.722005051	-0.502058968	0.855697542	1.274278849	-0.902777088	2.142038266	-0.391342669	-0.127171041	-0.54781027	1.556342099	-0.226340478	0.011181115	1.891035661	-0.571420855	-0.126013126	0.891428948	-1.329145927
H3K27ac1K36me2	0.228429282	-1.141939813	2.105519219	0.512963358	-1.044064768	-0.181395392	2.056881909	-0.963343859	0.85168785	0.718769616	0.87560005	0.302988246	0.922813886	-0.889219545	-0.422751103	1.971609464	0.263172091	-0.13565062	0.69891616	-1.291229826	1.962213363	-0.132853173	-0.490028092	-1.068852775	1.147845781	0.303968213	-1.014889463	1.764738116	-1.40313789	-0.967464369	1.308493322	-0.866655083
H3K27ac1K36me3	0.034811956	0.879336303	0.632055081	0.083421456	-0.963040403	0.246924992	1.4273186	-0.944449222	1.081109481	0.711911375	1.202501386	0.372909858	1.740381006	0.3747553	1.00681756	0.435452559	0.555467176	0.253403557	0.289253171	-0.42566394	0.484035347	0	1.551491092	-0.393012079	0.685386525	0.461578612	0.769771283	1.163508851	0.50195609	0.857364662	-0.164694796	-0.838083116
H3.3K27me0K36me0	-0.611653792	-0.092028304	0.663915538	-0.330510562	-0.592432973	0.319495851	1.174948187	-1.240367753	-0.736239683	-0.276952733	-0.117850147	-0.040321609	1.249215783	-0.150403668	-0.812207984	0.249303692	-1.128722937	-0.551204527	-0.191802629	-0.681231752	1.09072424	-0.186014318	-0.580800916	-0.139379708	-0.053398105	-1.410505421	-0.567249724	1.453415327	-1.39665331	-1.101521971	-0.63018469	-0.999538477
H3K56me0	-0.202034386	0.124884775	0.088586353	0.030649354	0.099118564	-0.076200504	-0.20061277	0.063151579	-0.019442461	-0.086326107	-0.025632972	-0.267317132	-0.123530899	0.01226057	-0.424318793	-0.004192412	-0.1838516	-0.135982292	-0.278978081	-0.637925926	-0.334136054	0.106033563	-0.082619565	-0.254939639	-0.015368206	-0.498484284	-0.45735127	0.088446665	-0.794779462	-0.205192551	-0.188672734	-0.084169283
H3K56me1	-0.779372183	-0.066388652	0.003017598	0.025722332	0	0	-0.526171442	-1.078033021	0.006236896	-0.4748703	0.000273042	-0.667423338	-0.178436855	-0.676988119	-1.057761348	-0.354344797	0	-0.477759509	0	-1.332762024	-0.613101396	0	0.080243915	-0.643258982	0.223514846	0	-0.816824478	0.030282904	-1.52121667	-0.572390271	0.295075617	0
H3K79me0	-0.296078208	0.239596598	-0.009430147	0.031885147	-0.015835185	-0.146599343	-0.141276962	-0.264850687	-0.155072337	0.001524606	0.064954003	-0.233194367	-0.173219024	-0.064451053	-0.51287451	0.009100512	0	0.047939091	-0.114604121	-0.766495006	-0.179114083	0.278924355	0.089747673	-0.299477062	0.000307134	-0.417722396	-0.401646611	0.044259449	-0.982379117	-0.090011336	-0.144229385	-0.131873542
H3K79me1	-0.476628297	0.371858639	0.067200328	-0.169608618	-0.289946874	-0.482709688	-0.076574905	0.191759133	-0.432854301	-0.105505485	-1.28853668	-0.070391924	0.128702492	-0.054936303	-0.42545098	-0.067601367	-0.4368782	-0.20734999	-0.89528484	-0.533362451	-0.347386956	0.316670577	0.068304509	-0.555324319	-0.324920328	-0.28351082	-0.785042873	-0.098216675	-0.927575348	-0.338378943	-0.324090545	-0.286030728
H3K79me2	-0.969013697	0.283969653	0.730723839	-0.14478243	-1.377216753	-0.46560369	-0.337651356	0.107444237	-0.679181449	0.390339033	-3.808513686	0.136295393	0.468388394	-0.02090303	-0.331839137	0.096649862	-0.231128706	-0.264954619	-1.367942315	-0.206020191	-0.09751334	0.64142331	0.341988224	-0.828536743	-0.383916137	0.264748808	-1.077013095	0.003305821	-0.788828037	-0.188737432	-0.629132829	-0.4885942
